4.215958657754154 1148.323709376728
-7.758587149651555 1370766.051133132
-5.3939420094436885 12108.112405540187
4.63973099062577 2679.416307461054
0.33131762107310614 1.113847200957113
9.740203260347393 72139490.19320028
-7.443566805351134 730029.2891819499
-8.585076077099112 7158835.334468687
0.6174189489902737 1.4321757772168973
3.2887695033885613 180.19241457299646
4.487875724172028 1977.7397851800386
3.8467590135749283 549.0200721996866
3.979358800489109 715.6006929500702
6.631353930974736 143834.2648332748
-4.998877766987224 5494.770906312996
-7.15013611747449 405947.4941701354
6.682074482264984 159190.6380278763
-3.338052565831209 198.80621171114322
6.894994488249747 243700.83527473581
7.00492490362879 303627.5585340445
-0.14631029264446838 1.021559887340875
7.539342478598698 884158.0909859302
-6.482578456087054 106816.45129599416
-4.620825485088056 2580.0148521963074
3.7115305778883734 419.0377761492404
0.45424864053412506 1.2209304144992774
4.063076472074375 845.941241593442
6.981989555948989 290014.5794984589
8.420394926982024 5149939.834409151
5.293481613610149 9904.251133565098
6.047701542088383 44762.22600851822
-7.626100945205474 1051689.0037019094
-0.3345601629089945 1.1161694742685848
-2.751818641150372 61.896909602984294
1.9589175473094311 13.077833675730739
2.0618578253268183 15.951146160694815
3.555834751811844 307.04844683397863
-9.61362423073214 56005144.42835369
9.920735047688758 103509684.7843917
-6.465128942591174 103152.9762041567
7.685638548129347 1184679.8854468542
-8.22325561189174 3471915.4644743837
5.737273499903154 24059.216415573723
-1.6169632159019542 6.854628356356315
-0.5022799452102955 1.274227742204226
-2.2133255465108936 21.41569074687502
4.611335184349352 2531.515835985298
-2.2186001175336534 21.637438181929095
-4.609137901866651 2520.4175266648294
2.709776210776184 56.945618906256556
5.919278373826792 34623.115911787085
3.7646066511491796 465.91022907005055
8.739203892782335 9743524.570941677
9.09740783045065 19945643.865466278
-2.1352055561916083 18.391255282606544
-7.35353939508923 609738.3740104785
3.584886172513823 325.38737247390765
-1.2654815818006693 3.6612963435291754
-0.9989949624194807 2.3774565122751707
5.842817262462955 29713.506668060836
-2.909476499267969 84.65559968560116
-4.0501310763482135 824.3330364117772
8.633754910098151 7890858.712418296
9.855599690795835 90866779.10658006
5.473189329279373 14187.542084909746
4.437716504041983 1789.0109238403786
-7.277024647958288 523219.2600238039
3.0254901837163484 106.6328440193031
-5.2669572460329706 9392.561889602222
-6.144512887369573 54325.044134533724
2.4159952661285153 31.867103992951165
-9.258336072224287 27518740.451323386
-8.43340589283249 5285710.04438791
5.577419405440196 17475.81250582777
-2.242322972229327 22.66421017135398
-4.77305483507553 3498.0405978192493
6.574468183395396 128366.64993279954
9.752582687538215 73947875.71300812
-9.548363609296771 49152234.561603285
4.513214525683647 2080.5239866939355
8.482386659982293 5829717.171904922
5.570825739770143 17246.87264038723
7.995748031876168 2202716.500603539
4.577591977046147 2366.3428072364477
2.6231680094891185 47.968645410041276
-5.309789767323809 10232.60058991552
0.6285916905071751 1.4499899468437898
-6.537343878572477 119180.87681539754
0.3341428388618706 1.1158691404098329
2.2657307942535265 23.7262499962992
9.634275726922574 58366759.62755291
1.7708740935717913 9.139047291354116
-5.992969145933067 40121.049194771964
-2.772319630129614 64.4665425650002
-1.3537023586846342 4.264257645252458
7.867728669918158 1705149.3700772908
-1.9434314782136042 12.69455023544979
-3.7920998360666625 492.2180924776045
4.354022225079843 1513.349316576284
8.963538637825522 15260570.177276438
6.651713087323174 149811.80485345126
6.236153744879289 65252.57520931404
-1.1775477994178054 3.158505194489977
-3.200080064313191 150.9857698747356
8.739102704548735 9741552.91047769
5.658800368742053 20564.68761314997
-1.69229304438141 7.884917270762927
2.0879850894051444 16.779582709164966
-5.885832799979975 32382.928968910368
-9.519293177475955 46375970.44049237
6.140639587960074 53905.83948659496
-8.084191316753389 2628932.5903233546
-0.5008683252349435 1.2725619382388156
-0.2578942573421106 1.0679970882730752
7.790109719805123 1459968.5041671628
-6.790694664510948 197816.97143893503
0.6084572927144727 1.4182238606008175
6.454463496324372 100975.94339263631
0.30241550074499557 1.0942773690857417
4.955997680147668 5043.220522448091
8.302753451086748 4070240.570473806
-0.5805214564799535 1.37660531169363
6.228885957971251 64310.9588990711
-9.345109526435476 32733995.28557551
-1.5910890764821861 6.535170829481984
-1.7968043296379754 9.598141872342211
4.022582083629951 780.1693417384472
5.3415333390270945 10903.27166907947
6.833073623933572 215314.53874887255
7.367978168633655 627602.8072542408
-9.384853689704705 35442174.26447448
-0.5518090838769787 1.3366810411942511
-3.975144603637113 709.5988726333414
8.588411353697115 7206748.34854558
-8.87323292946169 12738908.597511133
6.107379603857638 50436.71999357814
1.253036943013587 3.5845755374581585
-0.17455989335044997 1.0307819136618472
-3.108352273740276 125.76282997089544
3.9421378068847766 664.3003287177568
-3.517927480255252 284.6667953624829
-1.8144121637136745 9.923763030842347
-1.6506394051478814 7.296042263071527
9.751286605198 73756438.86779623
-9.056573246729549 18381442.604454257
-4.404550877205322 1674.2257619255233
-3.4494425866923306 248.2925316603443
-0.3027140248591209 1.0944692433311398
3.065900380397082 115.56660333342808
8.228133934375052 3505955.4943520203
0.5347160352953217 1.3142319044177155
1.0051030375125372 2.399704143726441
-8.183356208951512 3205626.845264758
-4.823668557462959 3870.6276035695773
1.059216996180652 2.609580204796669
8.885637605935536 13058905.71222765
3.494643397008863 271.7370827262743
-4.709716060689355 3081.895219808041
-1.8884289313405045 11.425369076003925
-2.7171391830296487 57.78295171146173
1.6917651187221274 7.877141903395127
0.07129802847098965 1.0050920283861118
0.6769153196635092 1.5326198446626524
1.1736187092594452 3.1380688627256386
2.4562432503057288 34.496113932598746
1.6435653606040912 7.200828820226423
-9.874569926166497 94380542.89875512
8.775125774356116 10469294.895464135
-5.916118622449287 34405.00808753234
-9.395705666879298 36219818.03203774
-2.6006696598308787 45.88017379683969
5.089351131199958 6584.566896182182
2.7489770945918437 61.548986428492896
-9.203982747534765 24684131.70880594
6.411933379554181 92742.09885604573
2.828594841866714 72.0865723108765
-6.531835964559902 117875.21097894687
-2.8657827820296555 77.61375840125413
-6.177790827527052 58063.69666107956
2.823154418705638 71.31189115877297
-5.312939494061064 10297.260679237655
3.8713228623795093 576.6404984818421
-2.081371938009018 16.565783279756698
9.815381725724414 83844051.05847965
9.158740753676973 22548681.86689635
0.45719220324887644 1.2240004959243207
4.64704688121326 2718.9017910093803
-2.0654929789242438 16.0638312518481
6.355416383041373 82829.90456871699
-5.8478807771607055 30015.93995063657
-1.3033517056650457 3.907017886118672
-2.7239384207296258 58.56720327467642
-7.21384718615226 461114.23775239085
7.539057078062157 883653.5568922223
4.409074683572637 1689.4376958445464
4.696150328508374 2999.416401333037
-2.7138146328127366 57.403349575294286
-6.843527717036317 219863.7569908493
7.309570712117662 558409.5644050598
3.0538434777452306 112.82512278380113
0.7858337327977871 1.7555920908818212
2.2613855845459376 23.525325446253262
-0.2491119916761697 1.0633511345907323
-4.264157841094969 1264.4807689971465
-8.472622295608737 5716974.658369296
-3.129219897367035 131.1012904704421
-3.2003198798741472 151.05796444706232
-4.784064673668844 3575.90948957435
9.073657864302255 19020376.194417424
0.10427940824495963 1.0109136682162045
-3.3845199375533452 218.11921900628047
-2.5039336604517404 37.89801581558028
-1.2206192694496885 3.3935780798908195
3.633170129388912 358.32583935798186
-0.7181339812893341 1.6106967532127876
-2.0910889434609503 16.88090825256129
-0.7054458727754529 1.5858838124117334
-7.7357215049060235 1309490.9482305543
6.746811216308654 181195.31755629688
8.79944662126168 10991127.637505906
8.170607011185503 3124921.813798417
7.240317907291821 486184.02422521234
-6.282436327303658 71581.02319298824
1.244466602761701 3.5328536350233573
-5.717375006674796 23120.553859497144
6.110760304293805 50778.89498297209
-8.994564489649353 16237511.512565635
-7.660362188825647 1126279.702494486
-5.297688502884754 9987.930639067448
1.0811072398405983 2.701357753018122
-4.1270273923048695 961.2944470040547
6.280889543305932 71359.92614305284
-8.581828411190951 7112487.013612411
9.633215832883806 58243165.51037878
-8.649085686364067 8136552.097985338
-9.280671445711386 28775893.04904212
-4.136993868282501 980.6380611864668
-1.1676630562726373 3.1074019904312298
-8.457065968398885 5541842.950233448
-4.0675933318537005 853.6133208747591
4.255734182618394 1243.364462052169
9.290700934413849 29358936.10177278
9.33127657807863 31840792.56477737
-4.222848555176668 1164.249961353025
6.324377223600919 77844.3429959102
4.730281732443448 3211.279783493215
1.4053337155385606 4.670293179473985
6.964701046585233 280158.1423323197
6.924606081132506 258569.48429675904
-0.4440623967522441 1.2104985246683275
-0.7399247766905894 1.6549891912719872
-9.250392487206035 27085000.126715716
0.532222632651429 1.3110373436502654
0.6414798832212742 1.4711290749940815
-3.745779419656694 448.7113073040482
-0.1417821036835143 1.0202372254875702
-9.250926781910383 27113958.339915745
0.5405025074572869 1.3217237210249526
-2.81686762382531 70.42712780734787
-2.9747315489274806 96.3874909028504
-7.131391006315084 391010.20182474796
-9.099193626452573 20017008.933412336
3.3065534227373625 186.69868212401278
-4.227240499832332 1174.5172385578012
-9.375129132224771 34759515.42647876
-7.261576253247886 507300.66325999325
-8.145893683808346 2974222.3701465623
8.395608246570024 4900864.784016782
-2.348116053210747 27.885703075188353
-6.0653321437000995 46368.7356051687
6.125101143512239 52256.39183841099
-1.2413627834780439 3.5143427041511326
6.463426336380206 102802.31748339048
-1.2904039162338385 3.8208790899315552
7.126930684918371 387537.65564615035
8.455491501174226 5524419.498679898
-8.04455369563315 2428570.173155081
1.3553151048897085 4.276311246058705
-3.712232726276241 419.6259398612437
-6.805173382913581 203628.97362868034
8.778158551071044 10532989.937549967
7.992407480901242 2188048.982588154
5.769745571112281 25673.542263533483
-2.9387390119876455 89.72769854118938
9.88242286761329 95874574.47606912
8.75395053791948 10035172.847652648
-0.5897065861470008 1.389981029344582
9.829982089400055 86328454.98829108
-5.638816862138114 19759.006042686193
8.69530818967478 8924600.06743551
5.544934355410721 16376.536397231323
0.4454079141539502 1.2118594935958766
9.073887020270796 19029095.4575645
1.66329532639371 7.469791932159109
2.4464442591508018 33.836416949318256
6.888169477078513 240396.92080600932
7.76749761963654 1395413.3484362161
2.9129020643800594 85.23413004701148
6.134123666550213 53207.91109915577
-9.761944095318086 75345430.3958283
6.449397056239263 99957.93769978425
1.7583923089879896 8.926416959475254
-7.304561131278691 552842.7078924257
-8.35623025552556 4529699.955668527
-7.639066867735695 1079317.9130681558
7.187686068954903 437608.0472211482
4.526741623774292 2137.5654889293573
-6.662670228920287 153131.04880574875
6.763437621744352 187321.8522816572
6.202780458799598 61039.39460843282
7.545841759267532 895725.8871418458
8.970900066948925 15486911.48840811
-6.211384305308738 62098.82217954318
-9.480718114538567 42932594.74196784
4.531653913687087 2158.6647347462485
-9.937625952801493 107066163.21729308
4.373895514938511 1574.690882684961
0.07055686714818066 1.0049865380495397
3.4566725322560323 251.90160798926448
6.012613288252663 41728.6907030292
9.228841409469986 25942379.851013716
9.103286919713351 20181552.51099484
-2.4647299619763396 35.0780068662215
0.37698310059201745 1.1489774750038437
-8.177406797763025 3167709.6988350227
1.1645367481638793 3.09145233154404
-4.530923088227623 2155.512555617187
-2.8904847502146236 81.51907825463003
-5.66411028435196 20784.239553552146
3.7194867745784634 425.7509790855387
-4.282117149601636 1310.706417629395
-8.995757702175315 16276307.388940603
-9.276725103597766 28549667.95180364
6.967414145656122 281682.4651091244
4.063766599551029 847.1089715480892
-7.280504066520499 526872.9521351185
9.289955926242769 29315223.38235826
1.348427310046624 4.225105019164575
-3.1377060393837963 133.33679369484955
5.367963550565719 11495.101168206618
-7.99878727821592 2216146.4693205673
5.755430821278868 24948.95764762124
2.466307298757213 35.18725002612942
-6.303161641612474 74610.43260114096
-6.15697671988213 55696.24762045804
0.04507806122505542 1.0020334083609241
2.8259495094547127 71.7088411193819
-4.702091482616586 3035.262998231197
7.959090605989335 2047002.518783853
-1.7403171388704806 8.627776240653862
4.984251915259538 5336.381990323046
8.201493443077887 3324044.0117054274
-1.7551857469802137 8.872645432934018
3.9790712702149413 715.1895850713074
9.501585715386511 44762311.43990655
-8.656762306526957 8262438.438876529
-6.573327165110272 128074.04767578053
2.925468066394279 87.39061684201046
4.032667910432238 796.056252364184
1.3894487114930634 4.540841306882751
2.0950615829362906 17.011516908837308
3.347988483210136 202.7863226579013
4.102641388118791 915.5589503017039
-6.884631896557605 238702.08012033824
0.4372136836584506 1.2036507024140153
3.1009735936311813 123.92786899435953
-6.3105697785989845 75724.10365852997
0.24578419694292641 1.061636162801452
-9.117272576159582 20754026.1115292
1.2774665628685788 3.737034088869541
5.297496680750097 9984.09975343804
8.185033363895666 3216397.563477406
-9.618720257023297 56578870.55713906
5.051882820292043 6109.2123247347
-2.5531109022177345 41.76291494249497
6.583971004782402 130829.66255247712
2.147743973514352 18.84540883297613
-1.710594256100478 8.15961058045662
0.9637866073152459 2.254578004859792
5.933437584677961 35617.58823536934
-5.240324074072871 8905.371698488112
0.14706237619910212 1.0217837067703255
4.978769584935673 5278.195436160894
-1.1100466334418613 2.8291971561627287
-1.3964168416693 4.597116974121021
-6.31653356881781 76632.71100371657
4.765003434692471 3442.1714312457348
4.226825534556603 1173.5432900826866
-2.6855162645858766 54.27237094632103
2.3560026111453336 28.321013581574235
-0.5683115666417073 1.3592820815765128
0.08595414061327133 1.0074063269655882
-9.876561242392947 94757175.4064334
1.9229915329721248 12.206509802595582
0.9404885840673582 2.178088235139866
2.805416087757573 68.84382364508267
-6.8557324507934725 225296.53791984174
6.976710640663569 286968.766863284
-6.414242390880718 93171.37209431372
-5.996866195345296 40434.97451334923
4.764105452004252 3435.995855803206
-8.382172983013202 4770929.50999602
5.505527285171453 15135.424144176168
5.544190622657048 16352.195715405014
-4.890554057927123 4424.562886392428
8.419658973563983 5142365.179458183
7.003596445192699 302821.9174140496
-2.547316610556738 41.287531357673274
-6.862305118831005 228277.6811914631
0.7488477826268216 1.6737545357415424
1.9150752253651717 12.022793811932486
-5.125396127209774 7076.7394507128565
-5.508054291280726 15212.109857720461
7.886024168245861 1768698.0308062593
9.238402499449826 26443228.091141824
5.688359269321621 21817.050929223813
-6.3389445353539875 80145.65520397494
6.138238424242392 53647.588993911864
-1.6159433112235178 6.841719524035763
-3.357920589410157 206.84474420738465
8.505621659287726 6107017.265266545
1.0555112212329387 2.5944482551250276
-9.796179484176935 80685110.62512673
-5.743498022158411 24360.596501805467
-0.262753103465343 1.07064269442683
0.061159262831097294 1.0037451214255058
-9.066148966063245 18736866.23912007
7.248929908065595 494630.58295279084
-7.045344773263529 329192.0849729448
-0.10550522651023186 1.0111727165084008
-7.417783940858396 693338.9346128633
-0.8729284205254917 1.9763262938584838
1.2131899424527468 3.3515480184524193
1.7266681448322796 8.4093255375303
3.3284148059134075 195.02037288477254
4.805657577687752 3733.6990482154047
-5.699802009127017 22322.09015050105
4.43464575509223 1778.0604487678952
1.5185428207320193 5.723095263721718
-8.864777959545895 12525305.525498776
9.044816278631359 17954264.548619844
6.566074829991209 126229.7906044831
-8.963072443763064 15246348.03463868
8.365179576746037 4611505.345371429
6.37427443383849 86013.56708699562
0.6327516069627315 1.4567433558780203
-3.8168042301792315 517.1234814228327
-9.02616632216552 17296907.94720213
4.7927897707368 3638.848631680982
-1.640406590545318 7.158747518884204
9.834767487747612 87158653.56893483
2.862764847882522 77.1497215670321
4.704257542645651 3048.438473975198
-6.725763938336722 173726.30736676714
-8.806157737694305 11139647.610500602
-9.407224849103915 37063949.75976413
9.72697375748158 70255781.44632322
6.795810427502573 199851.32533171235
4.0750361888627396 866.4075086912206
1.1166835497706984 2.859599852885985
7.921675932742112 1899417.40392486
3.7611722220052144 462.72434822018704
-2.4412520929277504 33.4920706537875
6.801693191944199 202216.5628401342
-2.2127280849345254 21.390720172274726
7.714725481234254 1255641.3043968491
-3.7589565629861132 460.68061788312747
3.820183901569578 520.6273435544038
6.512431166038507 113388.17416773146
-7.770604522000859 1404111.1666780866
3.300400315857779 184.42133117718674
-9.898078795174765 98924078.91838706
-7.517833403852321 846929.7555437769
3.574671034377012 318.81718553459956
-1.135914328724553 2.950060186592936
8.152284438712734 3012481.3993782178
-1.337142689532019 4.14273470088615
-3.3036929369158807 185.63648987822887
0.5040969759758607 1.2763810434236664
6.755088264810013 184219.79885259943
-0.9628922739325994 2.2515725809130838
2.916637515659101 85.86953004613284
3.1841042021069565 146.25352134377005
9.404952400835349 36895880.163887955
7.316268693333928 565940.3194929705
-9.152222741198939 22256644.33383213
-8.782521306968238 10625297.792103568
8.260798683909005 3742645.006037372
7.73307476849951 1302577.510335061
-5.0168136729922175 5695.437986972087
-1.305265649724534 3.9199433562593824
9.932147139750608 105899376.51888454
-4.374550716676122 1576.7550599414592
1.9061893923898445 11.820016361196052
7.043486664503558 327971.0077370445
-2.211527252248051 21.340622226098915
6.636122219018617 145212.50788998595
4.27344163002485 1288.1690651097672
3.4747092148015835 261.13604968669205
1.6233806159684008 6.936461524878072
2.871861450783758 78.55695858506681
2.8412325910892555 73.9189749167391
8.85750908342358 12344532.941557894
-8.741930666900943 9796806.50520678
9.455554115085327 40825354.545323335
-8.048875800095626 2449654.233020493
-6.553657389646865 123133.50827392738
5.031025543865194 5859.631881049102
-9.693214903931281 65668863.66859427
-9.293863890392672 29545246.81484186
0.12173880481899602 1.0148936955520418
-7.135588468212313 394306.5152656453
4.4241701075552164 1741.2056824522883
-4.185102289059088 1079.6298173464045
-1.9984863122155705 14.112870510665834
4.7921587921990785 3634.260087807345
6.777047849715014 192490.85706988632
6.192590202058376 59807.98163189943
-4.932905542094845 4815.622309935953
-8.386075464957944 4808312.133882073
3.2934836571981343 181.89461523280403
-0.8873217181393933 2.0169303942685937
2.8998131205671474 83.04478981879113
0.9240257814243193 2.1262459275190224
-2.6106208526219588 46.79234026588728
-1.8459456293945387 10.536394651695142
2.331233387734839 26.976606863400278
8.87219048784258 12712377.128663218
2.6296082557174785 48.58398567224501
2.5611162627446085 42.42883252991459
6.066035827605923 46434.03870940317
-7.377797161481507 640049.4660378366
6.736129027491092 177365.26210439004
-3.315214324484077 189.95206344744466
6.340990028864681 80474.19957089104
-6.639936596861804 146324.5311044965
2.0657001230433636 16.070277171718462
8.012262846458977 2276686.265519517
2.0546049821751566 15.728751811879404
-6.587859063933825 131850.9713606268
-5.422866925243501 12829.19181901756
-7.594078916559948 986446.1133425141
-7.141805425133123 399239.8893014939
-4.48778068355022 1977.3639847122045
-1.2023550343914025 3.291377608795292
-4.174745769274426 1057.5076606340913
-1.4511828707315253 5.068021199985497
-4.433170714464949 1772.824228651857
-9.839133073665693 87922982.634485
-0.3187466426072447 1.1050871874616595
-3.651668858214734 371.8124192432326
-7.846657881782848 1634784.7598512068
0.5953764694396 1.3983873502174353
3.067097039105944 115.84232145143172
0.5323884806663983 1.3112492019825028
8.589822945479987 7227123.067887638
-5.301216643552142 10058.653987854019
1.9500841010390335 12.857749476504154
-3.3457084170605222 201.86597314122332
-8.742589921435147 9809732.202217868
-2.3719441449425993 29.222181484732182
-5.227409357447619 8678.308984109912
3.4556194683689654 251.37268231655528
1.8884629607025083 11.42611188890044
3.7467134617023223 449.5493857530332
-7.000440981903999 300916.85137152526
-7.383833387750864 647823.2567473507
-1.3441266527594067 4.193491563330314
-9.138267990374924 21644060.711206913
1.3364963755661208 4.138073609547058
-1.5115048496833072 5.650427943795131
0.6613023158128062 1.504906184536035
-9.462651474051519 41408991.41111154
-1.2992091155286456 3.879212375338934
6.303672444837666 74686.69353724681
-7.98628807514826 2161433.0754082846
7.321125806037454 571464.7759304751
0.06408778545754501 1.0041128704769393
0.4176598111932286 1.184821665947394
-0.33874758227366186 1.1192068138995412
5.2888076110327376 9812.102192460045
-8.566239211262253 6894152.413346772
-6.41214420521671 92781.21171950658
5.318094890489032 10403.977668505466
-4.044128597956016 814.502086378353
-4.764368292778078 3437.8023073300374
2.8797706845435833 79.80149227299725
-0.25082988113938853 1.0642462065668268
3.7241850180769998 429.7656741072637
-3.3247964791238127 193.61778215198325
-9.394142705146367 36106774.429359704
-3.1551692419336153 138.05824477116943
-5.2983559028257154 10001.27076150475
-5.113136111661367 6905.339789772475
9.049370359798743 18118541.89687026
-3.25997065074894 170.13500718231555
1.8113990318784268 9.867223714068983
4.250800620434823 1231.1612690509658
-2.6401367242218443 49.60716769235532
-2.423639649574132 32.35029212902947
-6.2223305386762995 63473.298069835415
3.5801874632521447 322.34857428708034
-0.6097937735018242 1.4202857316420086
9.423979371086158 38326970.3916319
8.689237780703216 8816903.215675335
6.362308273972033 83979.51177913023
-5.67007999061615 21033.87246362509
4.182784057792567 1074.6380539225763
-4.499560230323945 2024.490050804384
2.185667893692287 20.290480522348133
-3.337858222222252 198.72914784431086
6.330993049938165 78881.19016278788
-3.7871236143402998 487.34857052538393
6.127124324559361 52468.266469990114
-0.407791792543728 1.1757188908434157
4.657365390011643 2775.584363609447
-2.7358311160688142 59.96485979946733
4.376921738793197 1584.2474814417692
1.2014851883742939 3.286604232937381
-7.399141794883084 667964.2794352785
6.61873023610562 140248.29636858116
-2.197513042615218 20.764770854159202
8.41782342331308 5123521.651308596
1.3611795492913181 4.320473982326832
1.2140918387459223 3.356616573318517
8.42297880153389 5176622.313586745
7.118152361901501 380793.18139295065
8.283222779264086 3914316.6483876356
-3.834905506355062 536.1692337671003
2.9097602259283306 84.70336676898184
-6.409642393230053 92318.13143205563
-7.647955614297559 1098677.0394745953
-8.538949172692035 6527953.55495833
4.257933613747618 1248.8436935422665
-5.476271763661513 14275.273485892245
-9.90768527841646 100843079.73967679
9.154086857995352 22339777.174067218
4.889134121170681 4412.016930358298
0.21142277774628937 1.0453695908890652
2.079053120695855 16.491484640848157
0.9457434434462577 2.1950164008540543
-4.0182836653244 773.495381756361
-0.35379376991660827 1.130480487801849
-6.774946982623158 191683.76054649087
-8.846522844673403 12076251.181258239
-2.7017875687504533 56.05097292521041
8.325894427695523 4263046.534355562
-3.840658223788762 542.3679295432362
9.215957664715294 25282448.760737315
5.434741383518485 13137.505922288638
7.716284085483615 1259561.5054512997
-9.441914172609422 39726697.33844412
-0.9128265627522403 2.0919899822859658
0.40918148390750275 1.176984810665672
-6.610019527332729 137826.14090027846
2.3157093187512956 26.167334635515964
-7.609062493133778 1016454.4669056471
2.540067042876167 40.70045848981626
9.223460215635807 25664674.971700553
-2.5929262449267387 45.18283547880397
-3.087829095118817 120.72538063320279
4.0457377670063455 817.1260399335465
2.693302834365486 55.116293869818406
2.2972312419683227 25.236262446128613
-8.588004750774655 7200890.161351144
-2.704598880579563 56.36418222695135
5.310191653272248 10240.828170912153
1.3818619747668315 4.480461742003257
-3.4056770033468053 227.52516224129926
2.9645200065342046 94.44906117859024
5.933720596232806 35637.75403702496
3.6181563216248556 347.74090871119284
-7.7572214393355 1367027.0225794842
2.3718974145257157 29.219497617918016
5.569787409169095 17211.09492941293
9.434800841067528 39165520.310403615
-1.889108690315954 11.440216849822379
5.8547797966251345 30432.964604409284
8.537795221434472 6512905.0476076845
-9.659532228711303 61390772.96903175
6.192319314282678 59775.588176345205
1.3551683258334979 4.275212602012876
-8.74199880341687 9798141.636632714
-2.5474342808813732 41.297130730120294
9.192804672848666 24138412.404423136
3.394331154325357 222.4315978219681
2.3664857762673996 28.91038176214433
-2.907220682487912 84.27678235937017
1.0627296009944676 2.624030339806045
-4.117831663381004 943.7855395367211
-2.418238994541615 32.00816093071938
-0.32592230119842824 1.110040299640517
-8.025468803791455 2337619.029023505
5.135475175342403 7220.830386650197
-8.090768487407098 2663742.9117844542
-8.312500951213831 4150368.41007592
-8.963996824088326 15274560.953456232
5.924185318768513 34964.57121362479
-6.62777522295698 142808.46216584524
-7.673248967349746 1155685.2386386113
-2.6126067384617535 46.97655776092701
-0.7136741077404949 1.6018943053580426
5.303187734423354 10098.38331748536
2.104449013520391 17.32430458606792
-6.558757273443594 124395.86326103887
-8.944176542790082 14680912.792131497
8.862147137183914 12459574.897646409
6.558187497009861 124254.18890617638
0.8138762714442613 1.8221968179974442
7.141839749663632 399267.2976514585
-2.820522367610372 70.94011882673364
-8.67090382042299 8499461.262362387
-3.253089277318031 167.81636576705122
1.2786836271519206 3.7448284806285987
4.670518698946857 2849.5561542741384
-7.321548701117355 571948.3192510009
-8.397960990307176 4923980.081238444
7.196475861886718 445369.02418133157
1.93990845501855 12.60900112541953
9.528153385010686 47205096.40898494
-5.092850370566349 6630.8069645339965
9.560871743981846 50397349.21736862
9.55009142273834 49322380.15351951
-9.807192489857277 82481998.26581435
5.96021266237646 37576.880871156325
3.7471306058156806 449.92417845747184
3.2291598450553636 159.99742626355265
4.19571625712225 1102.782384939823
-6.1507060126478 55002.10602244465
8.023883434857627 2330218.7917395937
9.107073190688713 20334958.26290823
-8.292881937928925 3990669.782355365
9.721115302447963 69437404.56604345
-7.123959092613541 385241.28143424896
-5.408862105673933 12474.85044378487
5.712272358116124 22885.806710119563
6.39427012551063 89523.05555705575
6.159318812510691 55957.74880217986
3.943663630359829 666.3291063747386
5.375430504140674 11668.048651203271
-6.643196588032483 147281.67810346984
4.45745644793703 1861.0334986465025
8.173587789907415 3143606.852344292
6.922914916819543 257696.3963868671
-5.236965794003048 8845.762002431666
2.7832487368891545 65.88008715717842
-5.792108667879319 26847.86546732898
3.5546809698083983 306.3418831477239
-1.9663827256072928 13.266885674285113
-9.307106437658401 30338209.956191104
-5.6493362092948995 20179.102860151885
-9.030003468411326 17430160.128271278
-9.72061492809027 69367949.93223907
-0.7507371064273904 1.6777755918874548
4.22362581545347 1166.0604412698913
-0.7646881405190431 1.7079920106996884
-6.1364861625551015 53459.910570357686
-5.111629194911864 6884.561079877486
2.655835299454603 51.17337266590239
9.24441737098401 26763254.38262555
-8.5527325940714 6710411.956898313
-9.443344028856018 39840466.86624272
9.965752486620573 113261585.41165122
6.855352874685245 225125.56883728667
5.128527196801578 7121.19088220373
2.2070372441840203 21.154364763524676
7.9566943582068035 2037215.7409637035
-9.197404732658745 24361513.385597255
4.6013997147282915 2481.718572818415
-3.307588533208614 187.08455242743162
5.605701266200903 18492.771582099904
8.756650721781302 10089513.065013444
7.5890145040281425 976505.0091335167
1.3808540222373278 4.472509149667244
-8.81260344659566 11284183.087513411
-1.869460247641129 11.01908736646507
-5.174902626787192 7813.239061733919
-0.01606471912237062 1.000258097402181
-9.409746018370551 37251310.7110103
-3.326907430331354 194.43482738487842
1.5847302029241348 6.459166927827511
7.595547672107497 989348.0684523442
1.9327078253521677 12.436014665944912
9.696216884941226 66064323.00241353
-9.197392573158542 24360920.945159305
7.948500126348108 2004101.003900589
2.543355139912853 40.96567522734421
1.3680920068818025 4.37320420176563
-3.5377116696721655 296.13621447382513
8.15495741248521 3028629.08813775
1.6545046872621825 7.34864071677348
-5.64869286790886 20153.15609570217
-3.1213433271039115 129.06004540918636
4.105793414994752 921.3457512397472
5.316730910332051 10375.636069286335
3.035200422724632 108.71411616730516
-8.30800159889682 4113188.0137281683
4.872972209963917 4271.699850712641
-7.923997263128184 1908256.2542903288
-9.974453306866282 115249771.47215928
7.149677346776588 405575.19182600814
-5.347954119660745 11044.18310429985
-8.453335132354823 5500645.431438281
9.724928302122532 69968958.40278476
8.580313751363853 7090973.620351002
6.8455371178737465 220749.12167721434
6.676063050144144 157288.1760473888
5.724983417889803 23475.05798626574
4.668620940112804 2838.7630072173106
-5.025226688547395 5792.071893033501
9.42794181345764 38631913.935824424
-7.3315755948245265 583533.8175294892
-2.059580666782992 15.88097359531736
-5.89539390748663 33008.11112182974
-0.4298192461251116 1.196405408386242
1.3583901172204538 4.299402741428822
-0.11355599909515846 1.0129504870219035
-1.1559495306374412 3.048161927464309
2.787872238233451 66.48744318433505
9.550860835065983 49398337.074590385
8.485180647451397 5862384.67014033
-0.018698261933582927 1.0003496657471165
2.4599113971981126 34.74640953275698
9.29929068279079 29867665.1835223
1.8304633830550152 10.230770904180105
-1.0806471632854233 2.6993860394988007
9.285936604908041 29080513.419500157
-6.715835925097102 170310.82431203412
-9.575057404291428 51847664.96018338
5.964530375521292 37902.7740263652
9.965514833165013 113207764.189391
7.636723531829691 1074271.341621473
-4.1219413481682565 951.5707016488825
-9.453487726327182 40656980.60569634
-4.896680313895669 4479.102208920856
0.40777894672926607 1.1757072134927609
9.525778597697247 46981423.878359854
1.0513336261609663 2.5775276158406437
4.981863328683854 5310.952347517236
4.579493268771454 2375.356248061004
0.7065751181531343 1.588063590311458
-9.328858179653835 31687156.9736219
-1.660218260475986 7.427141142633703
-9.706760297235597 67472201.45774522
8.387693482541529 4823897.202739011
3.5216198009510347 286.77302932486407
-0.21916346490234773 1.0488066108450371
0.3412369868362841 1.1210330709336807
9.473691601894064 42333481.44626141
1.181320342795761 3.1782817505923977
2.148097880427855 18.858393739900237
-1.9979447819026586 14.09814487636456
7.523346768531994 856320.2935432345
0.7032425094612407 1.581646605953222
6.541048949039489 120067.30040990635
-6.097969138377191 49496.340546377345
0.9100244369832176 2.083544483185981
5.066922294376779 6295.747289656916
0.44976098534955433 1.2162979220480363
-3.153757953734271 137.67052612471997
7.985871462767648 2159632.866360265
8.498130542743674 6016202.519201824
7.68559261098099 1184571.048861203
6.746066577992874 180925.66918909643
-3.5428292180471077 299.17761338157266
6.871190770512264 232370.72587725896
8.735244807633514 9666678.33036327
7.489496656576119 800266.1003858761
3.1010925487464966 123.95723699956132
7.397833918573301 666219.3345963958
-7.763223107434394 1383534.7773839484
-9.616520813057452 56330533.05332891
-6.416739633256707 93637.87659938823
3.6654523599234334 382.1907736497496
-4.113975557415035 936.5387030578438
9.355273158780957 33406196.724413525
-4.570845844319398 2334.6366040177345
-4.820789116612523 3848.4040495489617
-6.410735580752571 92520.19320855357
5.374299203934942 11641.679493531496
-9.723169524239212 69723271.0542311
-0.6681145310056724 1.5168760462004114
0.044575377845346154 1.00198828066781
-1.1322757513420036 2.932670662139591
-7.856445658739988 1667101.8477241707
-7.520270823905926 851068.4798602421
-6.2027234033064005 61032.42979734912
1.1327878500152764 2.935110278239431
-5.030262338432037 5850.695260723613
3.0165627750231714 104.75469954723562
3.7938538815464504 493.94611263601456
-3.2870072659717753 179.56021038443322
-8.95612753868804 15036043.09088333
-2.310812672799032 25.91724148406805
4.198969310570572 1109.977331396692
-4.204596007145027 1122.5332304650906
-1.4257662775868383 4.843013092931774
-4.022715150727305 780.3768659816114
-5.598478081324729 18227.54577703602
5.428800399786358 12982.336132237584
9.547975862253544 49114132.07079018
3.321751344339523 192.44522098542728
-1.3520802287351898 4.252173415556633
5.282964398500587 9698.107034145542
3.732210560872172 436.7114439965588
4.478045894463353 1939.2475376804366
-3.2173274695434806 156.26728861770326
-4.135545251612447 977.8024825376945
2.9412536647094267 90.17757519849043
0.42422672391726834 1.1910269313603976
4.589161671869601 2421.7252514634115
3.977270388743804 712.6200734034002
-2.281116507323868 24.45189908692963
3.8330660601964404 534.2021856960346
1.6561574222754594 7.37125573773599
7.02620040782536 316826.00837184273
9.114617632293317 20644116.627285495
-1.375580859663934 4.43116710743891
-4.900937564176231 4517.398073424929
5.640964972954926 19844.075571695514
8.766749790298299 10295374.4318222
2.80933192110993 69.38115678544759
3.8762864465020073 582.3884231031278
3.0693581022337 116.36509022423348
-4.114382561053094 937.3009554616131
8.457096294071192 5542179.080622979
-9.802613344321077 81730052.64620459
1.137850446009061 2.959366126867895
2.133893750629934 18.34439544203933
4.7339781310865945 3235.10438398975
-3.903813431180181 615.3219210339898
-5.999427303628053 40642.6199970707
7.016354513902769 310648.1736112684
2.486302461444998 36.602370118122955
-7.819596164864815 1548656.4266469653
0.9045634331165928 2.067227903478334
9.534110178965548 47770841.80613886
4.344460282477801 1484.6926482892363
9.573909369987007 51728755.72949061
5.759294023823486 25142.466137549738
5.8148631900074665 28097.891419719086
-6.72167581665172 172311.67396038768
-3.5901016985573975 328.7940221674796
-8.472837979628913 5719441.310287893
4.38435891966015 1607.9807845035075
-8.069804299582014 2554365.5500734746
7.77810207030025 1425324.5929581819
0.8496303424309737 1.9131801374667345
-2.1081202825942613 17.448237753988554
-5.371121838138744 11567.9374760216
3.1462723735168385 135.63223378875605
-2.932104021040751 88.55148871313749
-8.522759907289203 6319973.244018982
1.2415948905105587 3.5157229447824165
-6.078538173217192 47609.73268312162
-7.730489821405997 1295860.7025743306
3.431457698039111 239.53790287237032
-2.7372629015319028 60.13537966349798
-0.5720569584672752 1.364541035403805
5.273900800613234 9523.900322971587
-4.809359174094325 3761.439196468636
9.076769706724875 19139122.153797
3.5894610624878975 328.3736580295785
-7.62787867792416 1055434.9010859493
2.272068921370165 24.02247760795466
6.831789055537435 214762.07750815607
4.12733305364814 961.8819819355213
5.667103450466362 20909.031072516038
5.418520024676358 12718.145131950363
8.96805069219684 15398906.459567985
-0.8013166566627525 1.7918645148414538
-8.355789828804049 4525711.711094503
-6.220743954438981 63272.20740402189
7.592586911024007 983506.9361600676
7.755528554233869 1362406.4114899489
-1.772879948881112 9.173716164765272
9.236505399195725 26343087.280868795
-0.2912731875686916 1.0872666547065135
-9.897175183217076 98745462.40669273
-9.979381338558099 116391296.7517439
-0.41926879948526263 1.1863310785582601
5.9169223711431975 34460.35771968219
5.208708496556081 8359.738662783737
-6.338613680908649 80092.6399844883
-1.4247708596360518 4.8344329585832035
1.5830614435245174 6.43938138082142
1.4348164676009958 4.921816300481163
7.103507591905188 369801.6925166109
-4.670761617817498 2850.940669557262
-3.55275098470329 305.16361966431043
-8.102970595081036 2729549.164247789
8.77344414620815 10434143.120523708
1.7152005612720842 8.230351125941343
3.7510827374062607 453.4906197309394
-0.9001177205761444 2.0540829856779244
3.9669176004287365 698.0268225289191
3.3978853308610812 224.01478223804386
-6.823936887236615 211415.73423085804
-0.862065085465261 1.9464923294130987
-3.6580346640299055 376.5700423394444
