0.8395325912302236 0.8867726955394419
0.18194196566633902 0.033469761735944736
-0.09023381418812049 0.008164263381630787
0.03751904288554009 0.0014083392226933444
0.18315698816055237 0.03392328636753872
-0.3677955904354784 0.14148433059149568
-0.6629212950085286 0.5077339402978149
-0.40333264076276043 0.1716920875340442
-0.2631107911077275 0.07083957917884276
-0.40384958930035353 0.17215617021393026
0.9087495328036694 1.079718449013845
-0.0332202386671101 0.0011039902829108605
0.9958971774599692 1.366280643891685
0.18855530323564196 0.03597644581888604
-0.16625484823784564 0.02789628394425403
0.8442487916247572 0.8990353644079019
0.8584316081487109 0.9366667933742756
0.29384800265620825 0.08886068610325148
0.5699220427851674 0.36153744624669915
0.8990134814484358 1.0508371010107669
-0.8538464135652268 0.9243758687178276
-0.22685113340518015 0.052350275944778035
-0.9188174900677453 1.1102144738360806
0.060510856091411824 0.003666034903553106
0.7687593578245182 0.7169860365195864
-0.8393336528315998 0.8862581522311521
0.7263100776139422 0.6270639163373355
0.7449724579215347 0.6655590456033516
-0.950685085612466 1.2111063415521377
0.46517840197831495 0.2324566547578777
0.2963725701926925 0.09043877139426493
0.08134266794979705 0.006631235772255772
0.17318841910689597 0.030295314974537746
0.38264778924720444 0.15370651841459204
-0.8568028527720633 0.9322870218453536
0.6476148050224939 0.4814173393975427
-0.7894289958421998 0.7639062584613285
-0.3822527620681546 0.15337402393838429
-0.16418162075978193 0.027198678304921398
-0.799148542326257 0.7867114076676649
-0.5159055051985124 0.29062604814485393
0.6050080326511522 0.4129327541413572
-0.44388751899639844 0.2103220166968678
-0.8935959742814825 1.0350217572114286
0.7389849914153457 0.6530343093500013
0.5952561570896155 0.39820777606434343
0.42258825304683834 0.18946757462907526
-0.26005715561656695 0.06916813170527147
-0.5819624909487637 0.3786841186834238
0.07625309357855592 0.005825812623894366
-0.4272103539391261 0.19388556700935777
0.16123892435603837 0.02622407166119456
-0.6992105965394884 0.5739473102264383
-0.6749434630106639 0.5290647391336978
-0.2065616542560882 0.043278024599314735
-0.5097833055521472 0.2831861011086818
-0.785841460665714 0.7556098920644212
-0.034592485128408956 0.001197117419307503
-0.8114888786121086 0.816367474826097
0.40531077225425927 0.17347181221991392
0.18082500019330894 0.033055617474037735
0.6828192721251938 0.5433604672696599
0.6386838182343104 0.46648866810381695
-0.8596427501578496 0.9399334704815538
-0.4170402197779719 0.18424231134111713
-0.9804590604351042 1.311644313451216
0.17260286351490262 0.03008877560661971
-0.6749097329626874 0.5290040658444004
0.7444594191646496 0.6644793363331996
0.5776236521322682 0.37244702389692774
0.2533769467445155 0.06558556631217893
0.7522404104000935 0.6809870912166542
0.6871598522768161 0.5513496692969906
-0.4858414775619391 0.25520833356921835
0.35483061304448116 0.13127827352059818
0.9410223851613493 1.1797993492461036
0.12111517434609231 0.014740751288373266
0.8401219405671232 0.8882983042655501
-0.42320644645136696 0.1900550477125973
-0.5213238826932591 0.29730952452556836
0.975766470589337 1.2953816371764182
-0.6716821567200761 0.523219955005535
0.26828390820861037 0.07371977371863814
0.351549621901484 0.12876303669075861
0.9041740180454059 1.0660715594078445
-0.6815975892055328 0.5411260632224919
0.8226849627532546 0.8439670062330222
-0.2657567926148423 0.07230511857625843
0.5531804432701053 0.3385241340528886
-0.7579520363355177 0.6932863865055898
0.36055378469797983 0.1357308352639548
0.4304491332321465 0.19701663401727365
-0.9465379546228205 1.1975921109340937
-0.3991227808204627 0.1679394383262145
0.18831776537729983 0.03588478992040045
0.598323800285677 0.4028027075352276
0.1529624260433211 0.023580555074695253
-0.8588103180110589 0.9376873381673714
0.6531405876727856 0.4908105089473156
-0.9640050858928237 1.2553130589757746
-0.3347709853777219 0.11632135917885322
0.9859175759405963 1.330762254303007
0.22277658026398095 0.050455882890753534
0.51453718450778 0.28895296280761684
-0.8619830567088513 0.9462696689765169
0.7529908454933478 0.6825942341968025
0.8234232867027567 0.8458105851205882
-0.9088923013990233 1.0801463916727365
0.175227251777323 0.031020136420593758
-0.4806217730908209 0.24934082393270063
-0.14002323949055206 0.01973498142650376
0.43589096874719013 0.2023434099574557
-0.86436165989846 0.9527420205470036
0.6278224904241139 0.44874840793640747
0.4447486578529669 0.21119202307992913
-0.43314155615690897 0.19964177102446667
-0.05189956594021172 0.0026959842442133564
-0.4993318477425581 0.27075579271708516
-0.37002448950189226 0.14328218034273799
-0.7174616063273676 0.6093640476352193
-0.9999011135817373 1.3807392350929266
-0.9546880336065056 1.2242623617095663
-0.6651180203707034 0.5115877036126308
0.45431028580026034 0.2209944528442611
-0.43427849309887145 0.20075638266412543
-0.15546015968203708 0.024363184887125078
-0.9240306085579535 1.1262608673225092
0.4444850727906626 0.21092549985102127
-0.6756570423472557 0.5303494168157725
0.6687942859446387 0.5180807759839292
0.49788414459748376 0.26906066233343906
-0.5784245784404125 0.373593399781158
0.3250567448964894 0.10943619223455614
-0.14307746764279772 0.020611233073673407
-0.758355939382291 0.6941620189879061
0.2886493783257915 0.08565831235425114
-0.4515765006370054 0.21816506140803882
0.245717628868948 0.061602111151675576
0.7017942662812109 0.5788729885949266
-0.08413932061379636 0.007096147137994224
-0.2996014597447165 0.09247906530569927
0.12471554965502696 0.015634777728947835
-0.305721252329914 0.09641394833106776
0.8013087534392835 0.7918456866519548
0.8997431713785509 1.0529811585307889
0.9359622059149051 1.1636554813041875
-0.3934835878974847 0.1629868378903816
0.2723549716473146 0.07602955385587995
0.6800274282035241 0.5382634341687389
0.2046648032058882 0.04247581720792115
-0.9361725506669867 1.1643231541642778
-0.8550121959486607 0.9274894305351318
-0.0021131215810714643 0.000004465289462851629
-0.6817783199880849 0.5414562197733992
-0.1290198797496731 0.0167386991571703
-0.3515136425330234 0.12873560486236668
-0.5891518536090725 0.3891647316243916
0.11265747137128823 0.012745489931691667
-0.26264145146757745 0.07058129677264424
-0.867137027558829 0.9603355679171091
0.31478272247464867 0.10240453077961886
0.41842480533157067 0.18553843151893434
-0.534059758819319 0.3133891193663463
0.2720660284101917 0.07586436030751975
-0.7740337679873601 0.7287581898893856
0.3103815494899691 0.09947030466331452
0.7547728542622871 0.6864212911063985
-0.7773269341394489 0.7361775849411889
-0.7006518997228826 0.576691560743801
0.5122634816395655 0.2861859008258203
-0.7785611665813357 0.7389720679232303
-0.6165427221855686 0.43079849163323924
0.08623830354420203 0.007455499835788082
-0.908523199074645 1.0790402874254568
-0.4503909095890326 0.2169446869870295
-0.6624371514969782 0.506887215277277
-0.40089930177525845 0.1695172305117929
0.7701175005296261 0.7200043277538208
0.6478959702417266 0.48189238256234845
-0.3707937506669383 0.14390563869798156
-0.36522339990889874 0.13942542045062156
0.13700399542810127 0.018887827888488307
-0.01615200251127158 0.0002609098732877513
0.13686764031726062 0.018850015504464634
0.47600628539745493 0.24422057142094755
0.37117121480291004 0.1442121170642936
-0.9906355641342413 1.3474622848451547
-0.6065892865185076 0.4153529623698724
0.8118454350569007 0.8172361759671811
-0.4080969674207857 0.17599643798799613
0.7438194421920423 0.6631341992516055
0.010633153990056154 0.00011306822499390634
-0.19559183486362697 0.038746505828169076
0.002000901742543082 0.000004003613126135619
0.6448177222561382 0.47670839942679843
-0.4817366651179591 0.25058720231732434
-0.9096336662889817 1.0823706729531475
-0.8116953674894134 0.8168704751995663
-0.2269409552781232 0.05239244982321645
0.9740510570698051 1.2894762330757752
0.9954245496269305 1.3645818552945648
-0.6451493320989372 0.4772650707281283
-0.9106225820963725 1.0853430853417958
0.022068711905208982 0.0004871071157286355
0.5223498906239072 0.2985856074824629
-0.48743273251444563 0.25701341570230807
0.033770920237310875 0.00114090868072525
-0.5372124873404629 0.3174506578334162
-0.9904856863342268 1.3469292478979882
-0.28811167739263555 0.0853307051068064
0.34789398325646115 0.12599247518166012
-0.923364915980899 1.1242020032293913
-0.610550386872462 0.42145591948521743
0.8657876842468362 0.9566380903938798
0.9197769125103163 1.1131544580291228
-0.08517336045725576 0.007272060905272326
0.5939880038714631 0.3963181344666493
-0.04710806723989425 0.0022208120567071
-0.7251910838267777 0.6248061777606979
-0.22791443666628597 0.05285067038437807
0.8990510199109174 1.050947320141189
-0.6427841197782098 0.473303990677294
0.6937346794427599 0.5636022941130765
-0.6184724513456694 0.43383550160224815
0.3249560676225034 0.10936604402068739
-0.7691638751705492 0.7178840825015897
-0.6683037296925369 0.5172111742093461
0.529889850799556 0.3080668346969899
-0.21813586871606327 0.04834278393691083
-0.31200662850300587 0.1005483106736127
0.7076409170300093 0.5901259884883139
0.10405007413179979 0.010865544811234695
-0.39146684933668263 0.16123615035470928
-0.6620982844894705 0.5062951279360983
-0.9537138097516444 1.2210503511469732
0.7229349256964879 0.620271157681549
-0.561148594332765 0.34935849329495916
0.31336386639884406 0.10145350387373231
-0.6433844177352599 0.4743072587498156
-0.7349273667456027 0.644640569207638
-0.9670357565369461 1.2655441454456398
-0.6252660955971501 0.4446383359282693
-0.6014076701599862 0.40745619805705213
-0.0369755178781368 0.0013678121044640168
0.9243036454232527 1.1271061533172442
0.9595143203149892 1.240271380902871
0.06779392030909781 0.004603061066998926
0.5474798675405372 0.3309038510120019
0.2192963430912016 0.0488667573911481
-0.7120090876078149 0.5986305686512696
-0.6771187325183132 0.5329874952392841
-0.4199080530792636 0.18693274248973712
-0.3606807429292922 0.13583054948511597
0.8650714675882214 0.9546798213789212
-0.799128132397771 0.7866630130806889
-0.4918206667164844 0.2620307631433947
0.5489569063103961 0.3328678858759291
-0.08228955140117611 0.006786868797998835
-0.26725672411412216 0.07314300006716934
0.9622507184166653 1.249420074093723
-0.9070968847429133 1.0747740739989364
-0.9762827155565277 1.297162972164045
-0.8358720790583942 0.8773400404146594
-0.5538875190547508 0.3394769003374256
0.9899608056140083 1.3450638296244262
0.9802695358650935 1.3109844129959467
-0.511119687412958 0.2848000704075879
0.9973255722647614 1.3714249326315175
-0.5928463328808649 0.39462189298954
-0.6709489018586852 0.5219118475662083
0.3948306384489948 0.16416219010211797
0.047047873528907935 0.002215136083310032
0.9642679937519336 1.2561980362589793
-0.3613065762264327 0.13632268423228888
0.5842511006396429 0.3820006277922745
-0.6517291676447816 0.48839980205669353
0.6900656027751175 0.5567421843969496
-0.29104157411275056 0.0871240301919034
-0.5021192762847786 0.274037831382262
-0.5885852618798992 0.38833211274057966
0.8763074188274955 0.9857474661207899
-0.7001754768502555 0.5757834597635765
-0.9904252901942567 1.3467144973295735
-0.8284502577379524 0.8584410388920407
0.3710454182207976 0.14410993696068108
0.6785982897313843 0.5356668110387384
0.4481615679821198 0.21466085085380437
0.30406663366736586 0.09534127930723169
0.3015929756064972 0.09374979266801708
0.6256512855725225 0.44525604667922436
-0.9967343597977969 1.3692938619043558
0.23777783138069353 0.057611888368417796
-0.4880269820490035 0.25768948371527145
0.49494657524623786 0.26564083164076346
0.716094473146037 0.6066604547982637
-0.3470354163730649 0.12534663622326336
-0.7415174949624568 0.6583115842482665
-0.9193662300680492 1.1118952662478638
-0.5195444834481195 0.2951043788338985
-0.3907891080122603 0.1606502340914906
-0.6434011931058792 0.47433531531459994
0.3552933842706798 0.13163522291994578
-0.3828585926903365 0.1538841186838873
-0.8263165020529479 0.8530631992725328
0.3970555943110914 0.16611410869156362
0.8703516333013157 0.9691871474095481
0.3006329913798784 0.0931360804482495
0.946062533548401 1.1960503381092042
0.1870075567580165 0.03538140820933844
-0.8586771911494373 0.9373284948183926
-0.6330060410256491 0.45715856080366724
-0.8587790266850801 0.9376029832615951
0.628887583035374 0.45046813523151896
-0.2830538441915378 0.08228217794156789
0.043806651814477515 0.0019202506067601544
0.6540206788112797 0.4923177007280901
0.7407829857828565 0.6567779478250819
0.1770132999022156 0.031662345765022026
0.6850479612189377 0.5474526970428042
0.6392665347879727 0.4674532585859894
0.09824026767804073 0.009682238407848098
-0.8864128269333267 1.0143295466183426
0.8708693865374846 0.9706184757831624
0.9530252395692864 1.2187840808874908
0.6413574031022327 0.47092516951783514
0.8861294262361818 1.0135196020051471
-0.14491569099493473 0.021147977552418373
-0.02411269981980757 0.0005815349852966722
-0.08750227082674966 0.0076762087767854315
0.16365534664998949 0.027023038996835336
0.5367375655319235 0.31683675918434395
-0.133372964387529 0.017894073215130035
-0.06481827409219276 0.004207295898293051
0.4927616090972733 0.26311430469131114
0.9524564901259236 1.216914631402593
-0.8625345957865584 0.9477675266033023
0.2343515651216994 0.05593347367105106
0.7463867472937524 0.6685418281458833
-0.45939178852115026 0.22631099774535035
-0.11767009995112998 0.013910276756231355
-0.1783702169125423 0.03215478679904016
0.693025244238314 0.5622714009901666
0.10508825670612287 0.011084254876662536
-0.4970965959764211 0.2681412221862258
-0.6071236261977502 0.4161728710704167
-0.7103970786429459 0.5954823509251603
0.6067107881723626 0.41553930671424744
-0.4389902280883624 0.2054142830928245
0.9355953926535787 1.1624918530221833
0.7084614434959584 0.5917171408102817
0.8597359968450795 0.9401853243156211
-0.3703453356484139 0.14354202935605742
-0.8958172717903223 1.0414844954603333
0.21363545755130664 0.04633868766651239
0.3513192241756222 0.12858743037295817
-0.3468951562096132 0.12524130371966913
-0.7760374850151197 0.7332661284747115
0.3541234367972663 0.13073385164354967
-0.9194098720510819 1.1120290251014175
-0.3290786065234932 0.11225871674129739
0.07757187261306209 0.006029474791150458
0.10176682870322118 0.010392289107173047
-0.15702361485574912 0.02485972927817892
-0.769141844206974 0.7178351522910018
0.8197709545392553 0.8367193599606004
-0.49379357064551455 0.2643057667839359
0.19579470107147223 0.03882794761810793
0.8596038785420332 0.9398284953172271
0.20863741914168266 0.04416485780122903
-0.6503553637415931 0.4860609076454365
0.24140705649494576 0.05941828411867589
-0.7835818481617545 0.7504176236694164
-0.4224361892519988 0.18932322899449017
-0.13889767979911438 0.01941695273222277
0.42209634576233146 0.18900086507449365
-0.4267303424329323 0.19342399970048096
-0.9278089166966903 1.1380011965205172
0.1532644043634468 0.0236744810191305
-0.4903971212054721 0.2603966089760019
0.1397070347739242 0.019645371323722793
0.22634039481256663 0.052110808712297896
-0.2831691292559144 0.08235099939998691
-0.13194500396561448 0.017510748926015784
-0.13306302340288 0.01781051328100114
0.29585529262778865 0.09011420085408228
0.6088600692649311 0.41884455742418036
0.3339917862091615 0.11576053873804226
-0.8946440912538711 1.0380674108783032
0.6399733922071418 0.46862510753423114
-0.6814826682646782 0.5409161979514645
0.5345975867869961 0.31407969008280157
-0.17108894628206395 0.029558150040989606
0.145602888889365 0.021350441556953204
-0.7289872251945066 0.6324883946637905
0.0008671765720911218 0.0000007519953959533865
0.5460274489322918 0.32897962460504426
0.9971403806294736 1.370757113873371
0.8372340502952396 0.8808410093157266
-0.43875944693998603 0.2051846831796389
-0.5250283641114843 0.30193278261467205
-0.1183566863521972 0.01407383837088605
-0.3258367848996544 0.10998053293482357
-0.42732358886546784 0.1939945441508193
0.751174893473662 0.678709733667336
-0.0738792291384045 0.005468078160361767
0.3218965201900894 0.10724603463057569
-0.6557009426800926 0.4952037627578938
-0.17261451600716216 0.030092878626688524
0.7343063774680028 0.6433626346525894
-0.9254987509249513 1.130811754896107
-0.593099143833983 0.39499710532772503
-0.1867788619781523 0.03529392069249804
0.043908658535613654 0.0019292096360996602
0.14121934269811165 0.020075828897140324
0.5426470201608304 0.3245281462688345
-0.10638504319922326 0.011360539262395886
0.7441902003744167 0.6639132458576669
-0.6070624304133134 0.4160789171722892
0.7043495558340691 0.5837728951910979
-0.016849419076058858 0.00028392979117430883
-0.37381269914119697 0.14636712915313632
0.5375178127800972 0.3178457204063416
-0.24234828231409322 0.05989157521996247
0.6495886571962259 0.4847588311752986
-0.17029947855161387 0.02928336912131213
0.3830545696505303 0.15404933201014015
-0.9127103023031293 1.09163858537642
0.9106306317595765 1.0853673058733206
-0.4950852403578443 0.26580166620005286
-0.8515622892747818 0.9182978812759952
-0.35041551978199115 0.12789992609950107
-0.661153981115417 0.50464762620375
0.9055581813347056 1.0701860645122236
-0.6694480266993343 0.5192411758432605
-0.6196567082734208 0.4357061711528065
0.8884649036904095 1.0202088076842877
-0.5323902414975858 0.31125145179036573
0.16330634394463184 0.026906884440583534
0.5541430795951294 0.33982167448134115
-0.810177247393467 0.8131776214345856
-0.9766745127586152 1.2985161711353554
-0.957382720022665 1.2331808591911528
-0.4415266960599529 0.20794768176953626
-0.5027532031655468 0.27478759818259113
0.8698280437532584 0.9677412866590778
0.47930259185508994 0.2478708749613956
0.6418223662228248 0.47169955162818855
0.766881626210473 0.7128278125630403
-0.024418819011299053 0.0005963972474340995
-0.9369892163515217 1.1669181938708446
0.9454659801675462 1.194117906776515
0.32524637606613105 0.10956838734742425
0.9829909589958841 1.3204850656272984
-0.9138996335918574 1.0952374021236158
-0.7193628355374679 0.6131376407092095
-0.8753608705967832 0.9831015194682089
0.8437014793544759 0.8976059254858593
-0.10276828249231862 0.010598552775194392
0.8302572320862294 0.8630146132834702
-0.10411936797263666 0.010880074079792745
-0.7466977176333609 0.6691989277861274
-0.8107264515726476 0.8145121708827454
-0.6069395817648924 0.41589034904467614
-0.3906933443518974 0.16056754304961807
0.057799423996238275 0.0033444953274983646
0.5698050431424155 0.36137329523124206
0.6473713900042131 0.48100632778886143
-0.9982423005998307 1.3747345253907506
0.5424381681226591 0.32425436015246567
0.33644663648503537 0.11753246373113013
-0.3949863583703408 0.16429837226411048
0.7275481547388485 0.6295685020385888
0.20873192658565864 0.04420545751424343
-0.15736201845358888 0.024967879746621513
-0.8145109195749605 0.8237515168816179
0.46358059966617304 0.23074994379476
-0.43745085165734654 0.20388562547833966
0.7494080330288453 0.6749451685603727
-0.3476501404656771 0.12580886196405539
0.8425337529647856 0.8945617202073033
-0.039312800999679265 0.0015462926728198045
0.47758533734111674 0.2459651551285027
0.7379332716826235 0.6508514181947367
-0.48508557501277405 0.2543535364593199
0.7453544676203734 0.6663637963021118
0.1512645980192877 0.023056024949684728
-0.9959308373887072 1.3664016929581204
-0.41890607859225426 0.18599018547331125
-0.37678053798413824 0.14880991616804695
-0.14214953192212398 0.020342957376115578
-0.1068887635928939 0.011468785911662671
-0.3322412131345778 0.11450603389878067
-0.5519349469981636 0.33684993739921043
-0.07833935019396687 0.006149618542719448
-0.786885235583155 0.7580169907232859
0.17981475279722847 0.03268333288221492
0.8431061607555592 0.8960530077057571
-0.3460209262382623 0.12458588368128254
0.17366968936761484 0.03046561495682143
-0.6213284961565275 0.43835588962152583
0.522078655219357 0.29824793550244766
-0.6606597305688333 0.5037867490206922
0.3199748635860473 0.10592611835881494
0.6121336584706394 0.42391145798773433
-0.10967720090115662 0.012077398813094442
-0.0350028883778406 0.00122570265001265
-0.5597760891136407 0.3474769861662519
-0.7146684389267146 0.6038491971028241
0.42844212697679573 0.19507293697137085
-0.3474212126191074 0.12563661513859636
-0.5640458564573723 0.35335125422266045
-0.41458784924009784 0.1819595009111905
0.5238504901211907 0.30045801409001527
0.8748123535939429 0.9815706479970612
-0.1673135536327881 0.028256020264000314
-0.40437809692978854 0.17263137267143658
0.7699372399729212 0.7196032050881125
0.08540508238466638 0.007311779635327698
0.03723671289516739 0.0013872137670938312
0.9700363716069882 1.2757376719076738
0.4438447018887781 0.21027881368964607
0.4241507898381407 0.19095449993365277
0.6227371667635979 0.4405967199986991
-0.2636063191184461 0.07111281917639944
-0.8059673304534587 0.8030001532217177
0.8782276319737052 0.9911315279025159
0.9692363282819714 1.2730135708152739
-0.4614672978218817 0.22850405528435913
-0.6703122062388114 0.520777782089137
0.9923565810037149 1.3535949508197809
-0.5598658519097386 0.3475998427262579
-0.3439759665740483 0.12306020803673667
0.18222670153901444 0.033575760782104336
0.7142655436649004 0.6030565645461852
-0.6775153006928512 0.5337047484334112
0.12585956853263136 0.01592444971329776
0.32012664643889055 0.10603004669678029
-0.8429908600123444 0.8957524688981904
-0.7936211789534591 0.7736833784809845
-0.042911848680738274 0.0018425573189140287
0.18099988776660725 0.033120285928870175
0.27679932247294614 0.07859473019641627
-0.8964713318380602 1.0433932381002542
0.7725832256589693 0.7255070947899072
0.3940697604734451 0.1634977035909828
-0.44069634644133515 0.20711633424717069
-0.4637145795061448 0.23089276903077227
-0.720634460491254 0.6156705631647486
0.15684407976718218 0.024802449240643787
-0.37406180062360805 0.1465712844445557
0.20120074926285803 0.041030955635315225
0.6419671860891363 0.47194091635293
0.43170275841546557 0.19823641099605216
0.9342496164020555 1.1582303548114727
0.5441081855832093 0.32644762852462983
0.06730393978863125 0.004536664200808227
0.36496562260609844 0.13922001640786652
-0.8887232807613601 1.0209508786783448
0.1528814943885024 0.023555414918370543
0.889845955642695 1.02417997223258
0.16704281733122217 0.028163801756172502
0.7019335365350963 0.5791393196810766
0.7071159533029139 0.5891095271456017
-0.5501007924045958 0.3343939169829073
0.68700000868937 0.551054062301656
0.9216226502094438 1.1188271159864271
-0.28530756411638114 0.08363319300901395
0.7685721548127931 0.7165707073981764
0.8920106104913299 1.0304277667886765
0.11607812014327212 0.013534756196129427
0.6067359637516856 0.4155779246933051
-0.053426234849437204 0.0028570793992073185
-0.8349141065732257 0.8748836804389724
-0.3141120177932253 0.1019543686199349
-0.08458697747599286 0.007172037514990404
-0.03475464022853236 0.0012083714244839339
0.9664729778783077 1.2636393966748236
0.010283047660877731 0.00010574479630642841
0.35207268310264306 0.12916220317221594
0.6395751051114718 0.4679645775757393
-0.15390946441479825 0.0238757573889965
-0.20769147914553354 0.04375955972971468
-0.9019443539620253 1.0594689786660703
-0.7725120149406042 0.7253477563006017
0.9651907984423538 1.2593081449631054
-0.22426791915541688 0.051145007308033286
0.7351326374502234 0.6450633842101727
-0.08390863269349813 0.007057197784619884
0.6143773094421516 0.42740706843787923
0.8008090241084869 0.7906558151839767
-0.9515833333837636 1.2140489335359366
0.9405277491729067 1.1782137149230594
0.9438813365114593 1.1889964319730044
0.7734124582285595 0.7273643861073684
-0.48323504774908965 0.2522681780600946
-0.9521014426040528 1.2157487353072147
0.7295114723056013 0.6335544288374453
-0.28839286403180564 0.08550194037896874
-0.3393756947854767 0.11966615515967449
-0.8232515636516986 0.8453815346437183
0.039726022405810024 0.0015789872239173608
-0.4424923324410397 0.20891693434179515
0.013199968985174948 0.00017424930120868432
0.925611098695958 1.1311605845656878
-0.36272231175172465 0.13743965169879524
0.2824308035834635 0.0819107784445523
-0.4311469211914316 0.19769504034548846
0.06061015650944013 0.0036780916998480073
0.18555560814231287 0.03482786420236983
-0.6169358857565213 0.43141612681116204
0.21785720724079205 0.04821740356465454
-0.8868833130136085 1.0156752460035579
0.5817779267755436 0.3784174629944963
-0.7383966310475736 0.6518125131308088
-0.8020086260266504 0.7935142750474289
0.9034711406227043 1.0639868124099925
0.15594857905592852 0.024517753196855008
-0.0024558640098630846 0.000006031280160190278
-0.7493638025406284 0.6748511172078262
-0.34528695930276854 0.12403709497737103
-0.7579655244579597 0.6933156152050324
-0.77960589433382 0.7413433835789309
-0.6491635922457126 0.48403795306891984
-0.8327463804806339 0.8693439800476155
0.7396978857835257 0.6545168537743453
0.4027953991878048 0.17121054791401047
0.03436284599703354 0.0011812700251567776
-0.6579930165995567 0.4991588134516185
-0.22724956512600425 0.052537486620254814
0.5726107690178859 0.3653227577854783
-0.6683566592962138 0.5173049545918118
-0.19775046146480557 0.03961765031007336
-0.8757088598431579 0.9840736576690214
0.7633767701901353 0.7051120479982782
-0.8981643401885258 1.0483462160262706
-0.16973285880482036 0.029086965754423044
-0.8952122392214168 1.0397211783062792
-0.9591534482047459 1.239068761033546
0.5306602679791972 0.3090459171561437
-0.40783876547272957 0.17576159488103804
-0.7114026756546847 0.5974449214271615
-0.9203077367123615 1.1147836285257675
0.9571381605954596 1.2323693773304396
0.16956019981157544 0.029027253277653653
-0.15242998327666335 0.023415411744458048
-0.21027772214358986 0.044872280884835414
0.2435412046541754 0.06049428180851768
0.747774534962363 0.6714778057786335
0.9035926865175603 1.064347098573509
-0.896999323650272 1.0449360023149246
0.168478907896505 0.028654733033608437
-0.8787152816531649 0.9925023413864138
0.3781532387727835 0.1499474934970353
-0.4217034007787652 0.18862852767197702
-0.4149615822775865 0.18230633262939633
0.40636712280987597 0.17442652652216561
-0.30314184142459144 0.09474458884624859
0.9950034642021452 1.3630697314570717
0.15619456597702452 0.024595789290149828
0.2508273048747913 0.06424485927136403
-0.5372356471944237 0.31748061383335413
0.35812679137266246 0.13383252487307695
0.32510578417275315 0.10947036994359927
0.437267938957969 0.20370443018727458
0.6856138268243517 0.5484950263747457
0.6791873666342436 0.5367360874700589
-0.43894945101941074 0.2053737038086636
-0.49368390868513723 0.26417900089401725
0.26297153061165846 0.07076289023367921
0.6319660162426484 0.45546293188591735
0.08605740923682115 0.00742417808843765
0.6757547734195 0.5305255282488761
0.302679437420426 0.09444700164919295
-0.473873422606621 0.24187590175084228
0.6216590467347278 0.4388810405796266
-0.9731799446170784 1.286485449498858
-0.15033365832385037 0.02277097917798332
-0.01989011476942304 0.0003956688391415497
-0.5115648847891179 0.28533898661559176
-0.003637112617755456 0.000013228646526197707
-0.36239017613599334 0.13717714942623438
-0.7873321977338685 0.7590494270889563
-0.5895246861781533 0.3897132399930683
-0.5096551952087145 0.2830316743007031
0.6802360550951412 0.5386432005040467
-0.8567441586953541 0.932129475727135
0.9104592932150912 1.0848518561569809
-0.33099452972687704 0.113617222373805
0.5701498756936387 0.36185723220355803
0.6346816771858235 0.4598991878878378
0.1614136402830706 0.026281427414892367
-0.1062821888681782 0.011338500261274476
-0.9463647061595601 1.1970300949572432
0.4192555574300041 0.1863186270317032
0.7909914502944355 0.7675398329009828
-0.7749870906509959 0.7309004984997698
-0.36273540329431464 0.1374500043168052
-0.817845035449078 0.8319541987655303
-0.8298096910001607 0.8618802002944674
-0.8900765569505982 1.0248441899886251
0.010959072926605806 0.00012010608759349672
-0.07706021294407295 0.005950040105308085
-0.9244810661328939 1.1276556844127037
0.39977417438567775 0.1685169842720422
0.4067022330804799 0.17473002307928343
0.0628715116844476 0.003958038007635611
0.21584119259876022 0.047315391888953284
-0.8229681736482832 0.8446738310201107
0.45686168256054227 0.22365452034759992
-0.968632854897705 1.2709617827733548
0.7502514236940012 0.6767403076552738
-0.2866056809951729 0.08441674237570695
-0.323514300116456 0.10836418245151713
-0.06139187697318871 0.003773699964672028
-0.16587211116521283 0.027766816701478403
0.9196507847431028 1.112767622436711
-0.77397010405944 0.728615283381334
0.04841433578177723 0.0023457798455697176
0.7781293250204779 0.7379934576432483
-0.4801591524967752 0.24882473760618584
0.6943677196878948 0.5647916787852945
0.6625912976606445 0.5071567010769997
-0.9607172689598538 1.2442868035764638
-0.9180992974571831 1.1080175774853815
-0.309914004576211 0.09916132945023204
0.4170220024417097 0.18422529295964019
-0.8177215362712307 0.831649308744373
-0.6408149320385474 0.47002276143837274
-0.6048771011291336 0.41273276488641675
-0.797711242156069 0.7833086186684954
0.9987347631682448 1.3765150258901633
-0.28917984395478324 0.08598217501476291
-0.1386937820784353 0.01935962275168346
0.5000496455233283 0.27159866468918903
-0.9923024633889495 1.3534017742457665
0.1538162409737791 0.02384661523424003
0.6602385765986036 0.5030539642142478
-0.5334578259292928 0.31261735400580326
0.8162395317606794 0.827996924639715
-0.22800141032348664 0.052891711096369365
0.607273760693777 0.41640343072688135
-0.4608942527396116 0.2278973024594686
0.03850292130736532 0.0014832076713451325
-0.6764982087872107 0.531866488462333
-0.8233285658489389 0.8455739051993658
-0.4996326215548015 0.2711087820463114
-0.27905957944668414 0.07991682160615232
0.3311599859719636 0.113734963222349
-0.6245274301421313 0.44345534152284616
-0.44540878883036283 0.21186037999240015
-0.7314341627731697 0.6374748130292254
-0.47612250254910604 0.24434871834139327
-0.1274555776859585 0.016333080892650065
0.744651040856525 0.6648824678548011
-0.7571730126810468 0.691599718573584
0.5038023371253435 0.27603118121462744
-0.21178135849077417 0.04552591435215292
0.6218344801140216 0.4391599210457804
0.14545615478782858 0.021307127702131945
0.20956377836025908 0.0445636538933698
-0.5474843135303682 0.33090975200541495
-0.02280525882855322 0.0005201699974994867
-0.7888980605677074 0.7626743503740512
0.306753562683733 0.0970864903503843
0.9146825681682969 1.0976114218205648
0.7784177902195735 0.7386470556126294
-0.09288857136617557 0.008653131034140449
0.6093734996473175 0.419636641309453
0.05515303288881279 0.003044942586116539
0.8207380845912655 0.8391197350727189
0.37172449575237954 0.14466201173796311
0.7037218837977077 0.5825666823388107
0.12174015807974037 0.014894028307703921
0.8119656734933831 0.8175292715261977
-0.5497887887788044 0.3339772476024008
-0.888947739159414 1.0215958633260147
0.012783289233405437 0.00016342138503189219
-0.2568544377970756 0.06743789027773817
0.7730366555873016 0.7265222561543514
-0.6668439177962284 0.5146291764562982
0.007192116105360746 0.00005172742595727087
0.11023564017493515 0.012201199049275857
-0.3492446355219041 0.12701221158428977
-0.9107732566731221 1.0857965163470067
-0.3175747154318911 0.10429011184817405
-0.3972019999691785 0.16624301016117604
0.650655965212628 0.4865720433450176
-0.6583355927269272 0.4997517416809223
-0.3875641810940742 0.15787885371758814
0.3922260499277388 0.16189393199469304
0.9053102287925201 1.0694481274849652
0.8634423134863667 0.9502365225146061
0.42043969820406124 0.1874339807839791
0.04073541751366605 0.001660292284065168
0.4759148062162648 0.2441197301208362
-0.16401683905954378 0.027143621078113966
0.3032663156251716 0.09482478301233388
-0.7682614962057253 0.7158818556438593
0.09568150063461545 0.009182921388937615
0.9309076760397916 1.1476997481389013
-0.43729897945457896 0.20373517260225094
-0.49127763827272153 0.26140666750788055
-0.19737202105394847 0.0394641986834805
0.07424996981738019 0.005523196737621472
-0.05537960556259636 0.003070037287960403
-0.9025775312872968 1.0613408130916815
0.8916231716622431 1.0293074066135826
-0.4850886162578809 0.2543569721341421
0.16955184382310984 0.029024365038647693
0.8250388638438966 0.8498548877543453
-0.09940471094908032 0.009913886143488648
0.9615561668950936 1.2470930051982623
-0.8150827204023954 0.8251540848978678
0.43547083475549186 0.201929203589714
-0.26916154415157667 0.07421449278451098
0.22854282133441206 0.05314756577818436
0.7989807160324358 0.7863135334231413
0.7493012581210765 0.6747181389513022
0.2648284205626035 0.07178909857426752
-0.7999139799552948 0.7885279082067147
0.6559455914966414 0.4956249140699762
-0.9590976941346518 1.2388830393076895
-0.5903828351222287 0.39097762225676913
0.874126162242225 0.9796580476219936
-0.14781005579217465 0.022007385780062894
-0.819010025081246 0.8348342816744623
0.29833281927760824 0.09167448556895752
0.8476772103070309 0.908027720038594
-0.6032971795958466 0.4103244693351924
-0.1782498653563498 0.03211095147340126
-0.5163627173752179 0.2911864138958551
-0.012212472123617868 0.00014915189020925368
-0.5042724739904871 0.2765895626615773
-0.028869692358918453 0.0008336907140094052
0.022772212093043365 0.0005186632893499077
-0.017821338355883842 0.00031763372549353797
-0.5834677671907991 0.3808633937760142
-0.2061433559984942 0.04310044824863368
0.6420420143885868 0.4720656612452505
-0.5289721377380401 0.30690306524230193
-0.8961447611576543 1.042439877358908
-0.7311492643212061 0.6368928422699827
0.6253849269110261 0.44482884021008706
0.8720466213937192 0.9738788118951942
-0.7169807068558103 0.6084120937784165
-0.5583126280642672 0.3454778259565059
-0.17522396220556802 0.031018959843083005
0.8814270671113844 1.0001512731230466
0.3409626525156244 0.12083106204389216
-0.5355358615234227 0.3152866896167741
0.1985442602226617 0.0399405275618776
-0.723302096744399 0.6210076382021921
-0.8766755543471025 0.9867779764507969
-0.6013108358087198 0.40730955315941864
-0.735221726089462 0.6452469483493735
-0.3752962919161482 0.147585401811692
-0.33635868698295557 0.11746872443123046
0.3282695561913962 0.1116877518106032
0.9050275525194267 1.0686073192087342
-0.7878090496468659 0.7601520150153753
-0.3070766204520705 0.0972974826759625
0.46641174290622356 0.23377917631915524
0.8126694936886136 0.8192464462235223
-0.6155379072800176 0.4292226048825112
0.4775624415433004 0.24593980605329402
0.9553885062708503 1.226575860825657
-0.8606127792383531 0.9425559131124643
0.758756610673712 0.695031415181413
-0.514506570485362 0.28891559777944265
0.5204586527729025 0.2962360165438054
0.8510896127666219 0.9170438034933286
-0.811499324846932 0.8163929161313734
0.6711368786990688 0.5222469837153407
-0.8414460511488318 0.8917329777718515
0.9867613161739635 1.3337367882632956
0.8321177433020344 0.8677422945314894
0.005009215582351789 0.00002509245062465304
0.29001956379866556 0.08649619375649209
0.0942092721121468 0.008901675542182907
-0.01878260844190338 0.0003528278679099106
-0.6148421434199678 0.42813361311289144
-0.13290873762170952 0.017768992088618596
0.5923203736132305 0.393842017146135
0.9703546610835696 1.2768226928749162
0.9725589422358709 1.2843566781460831
0.7617818187792524 0.7016204699458939
-0.5716258025819636 0.3639331785889599
0.03473707888825395 0.0012071500743080499
0.24197799960302602 0.05970514361035262
-0.5096995735461705 0.28308516302950304
0.26400785703189555 0.07133464334832418
-0.9763760230243896 1.297485139691358
0.7002242192946402 0.5758763219852183
0.20487401235695124 0.04256391169231377
-0.277302729590736 0.07888816358364559
-0.9280327289293906 1.1386995756000005
0.72523841259938 0.6249015565097795
0.5516730419473892 0.3364985456289429
-0.9593084699749963 1.2395852658803768
0.8600030723731549 0.9409069568727446
0.8891860551589583 1.0222810036300287
0.689681586734789 0.5560274816248725
0.07870010407203454 0.0062065042786649816
-0.02335920944770642 0.000545751918853199
-0.007402254329235802 0.00005479436993316433
-0.3216931573918589 0.10710592804734853
0.9570445501832454 1.2320588747815822
-0.5490063170677453 0.3329337134482828
-0.5272445469877223 0.3047196464059594
0.7713540886387418 0.7227603085614822
-0.3388928350661584 0.11931295097867833
-0.11283559791511166 0.012785997489586087
0.0458363140264062 0.0021024394508275535
-0.22476352497981722 0.05137510418960978
-0.6110998119885478 0.42230698960962276
0.412644123155828 0.18016182372433054
0.5195072932277975 0.2950583978577732
0.547764640863396 0.33128195250786585
-0.9954768293987319 1.364769684974945
-0.3754992504410746 0.14775250709889698
0.1766214368186203 0.031520862911772696
-0.5631919371645564 0.35217148316260705
-0.5131315852321618 0.28724044803726634
-0.7168268253331012 0.6081076976153708
0.8293872440568908 0.8608103962072586
-0.9802224766918841 1.3108205992669086
-0.8037586135341499 0.7976975740156609
0.11653802441219474 0.01364270476804097
0.20283929240320475 0.041711153321636996
0.4090523805903019 0.1768669856097973
-0.0837130014798908 0.007024251985167984
0.7845959513180496 0.7527447235269003
0.018015638670681344 0.00032459835199727394
-0.38195837887927464 0.15312650675113582
0.2885024612154927 0.08556873233274698
0.2056042774440492 0.04287215871036354
-0.19982270854460538 0.040463397020601644
0.0026812085535938834 0.000007188896534726652
0.5483708816587498 0.3320877735666141
-0.7114663107435706 0.597569263922854
-0.7005020123754946 0.5764057578393753
0.5109944463829845 0.2846485769492211
-0.08158300108235839 0.006670565672238338
-0.28414453941911333 0.08293452721281103
0.3189994757202257 0.10525958539147218
-0.9282398810450365 1.1393462613807905
0.13787023244404928 0.019128943883326643
0.08772875033291028 0.007716098424642048
-0.8462249996940856 0.9042106781629442
0.4277101212912706 0.19436681060021654
-0.512985721697151 0.287063091438464
-0.694899762302684 0.5657926245316096
0.6808407746879674 0.5397450016506302
-0.24798839279801754 0.06276930372216016
-0.8016095881704515 0.7925626059111319
0.6413436838961779 0.4709023333479565
-0.1860067887103951 0.034999390054101465
0.7009835966843752 0.5773243794616718
-0.37090153006115356 0.14399311169833795
-0.43305129171304824 0.19955343412372173
0.05296783037202246 0.002808215816404447
-0.4759662642673761 0.2441764514022684
0.0017758010561159665 0.000003153472705630378
-0.8085751578381477 0.809293638587544
-0.17196432601964107 0.029864376919022995
-0.671187920602828 0.5223380091593519
-0.7130444068659254 0.60065854444241
-0.4221531574621822 0.18905473254977223
0.44380430074590915 0.21023805319772548
-0.8584115095222291 0.9366126547670199
-0.6775022538029534 0.5336811408282125
-0.7255079744770163 0.6254449801021142
-0.753935020779203 0.6846200788282055
0.8995570751788433 1.052434035599405
-0.8301895312610594 0.8628429372944362
0.23322671566477648 0.055388142904936544
0.47304970527080625 0.24097399987249069
-0.47832282388928915 0.24678250005205982
0.8628834724817573 0.9487159076856906
0.32600460369760276 0.1100978370971728
0.08021416331303177 0.006448123964313268
-0.8824271215882153 1.0029831777623426
0.03231349253603 0.0010445252750979073
-0.37728942850456804 0.1492310703549653
0.63075838599493 0.453499229851996
-0.24764418401731536 0.0625916315998738
-0.05935881569643664 0.0035276092234524103
0.12179888995521759 0.014908473625828478
-0.12236142770351943 0.015047191765691581
-0.5776553507369471 0.3724923519420382
0.8289221145443468 0.8596336263962201
0.16014585390266367 0.02586669661892982
-0.9757107628596491 1.2951895286746562
0.12953830021364787 0.016874239516757372
0.5933301717589581 0.39534018821313466
0.2703126684596282 0.07486605812815705
0.7342456781431967 0.6432378160936287
-0.46480298054162983 0.23205497240659212
0.8415832155537073 0.8920893325469659
0.21897452797272932 0.04872115636999741
